1 A
2 B
3 C
4 D
5 E
6 F
7 G
8 H
9 I
10 J
11 K
12 L
13 M
14 N
15 O
16 P
17 Q
18 R
19 S
20 T
21 U
22 V
23 W
24 X
25 Y
26 Z
27 AA
28 AB
29 AC
30 AD
31 AE
32 AF
33 AG
34 AH
35 AI
36 AJ
37 AK
38 AL
39 AM
40 AN
41 AO
42 AP
43 AQ
44 AR
45 AS
46 AT
47 AU
48 AV
49 AW
50 AX
51 AY
52 AZ
53 BA
54 BB
55 BC
56 BD
57 BE
58 BF
59 BG
60 BH
61 BI
62 BJ
63 BK
64 BL
65 BM
66 BN
67 BO
68 BP
69 BQ
70 BR
71 BS
72 BT
73 BU
74 BV
75 BW
76 BX
77 BY
78 BZ
79 CA
80 CB
81 CC
82 CD
83 CE
84 CF
85 CG
86 CH
87 CI
88 CJ
89 CK
90 CL
91 CM
92 CN
93 CO
94 CP
95 CQ
96 CR
97 CS
98 CT
99 CU
100 CV
21 89
18 81
23 25
41 71
17 84
14 74
72 77
54 75
49 94
4 26
21 79
47 70
44 53
13 56
28 31
82 100
64 95
73 95
34 57
67 82
76 96
41 50
59 78
25 43
36 44
28 30
58 96
36 99
52 94
53 75
1 24
40 98
65 70
59 83
34 60
6 21
25 72
6 8
77 95
69 88
55 85
8 35
54 77
50 55
32 43
46 47
65 93
50 58
85 92
18 84
45 65
53 71
41 82
6 57
95 100
18 71
21 88
18 91
59 95
34 40
29 62
29 32
12 20
76 78
54 90
22 93
49 84
19 85
16 84
36 69
64 96
25 91
9 48
2 84
7 80
7 17
52 76
7 72
32 45
23 47
2 20
31 62
11 76
36 87
19 35
61 64
75 99
41 73
11 15
31 63
9 17
25 50
51 62
38 81
5 84
92 96
3 58
76 83
27 70
22 78
37 97
50 69
29 74
33 61
51 91
45 78
42 50
78 91
19 68
47 81
39 70
16 41
38 52
8 9
16 88
32 94
18 58
1 13
32 57
38 90
15 75
20 55
38 74
28 73
51 86
56 84
28 70
33 93
39 40
63 94
38 68
63 85
59 96
23 50
4 58
37 59
46 50
31 76
9 23
52 91
59 65
18 59
34 37
35 67
23 86
28 38
8 16
62 86
44 92
55 67
32 90
60 78
53 97
28 63
77 86
44 56
13 67
78 96
16 61
4 87
50 92
24 52
51 96
26 66
47 72
59 88
10 65
45 51
21 63
35 73
22 41
48 92
90 91
57 87
10 32
41 72
63 99
79 85
25 74
13 22
1 95
6 24
49 86
38 76
7 10
18 67
43 47
8 50
54 99
21 36
19 90
4 31
40 82
22 91
86 95
18 96
43 91
19 37
79 84
19 80
13 97
42 99
11 39
91 98
60 64
29 90
7 71
7 22
75 77
25 98
37 51
69 99
9 70
27 36
8 68
3 45
62 68
19 56
37 39
78 80
78 81
28 56
15 69
65 91
34 70
36 57
20 67
17 91
8 11
12 72
23 58
50 68
40 95
38 88
70 87
16 94
16 67
42 98
54 73
75 92
6 38
44 78
64 91
40 69
28 84
64 94
37 73
12 87
14 70
61 98
33 85
32 33
15 62
37 42
18 22
3 15
22 94
27 45
71 77
21 54
57 100
44 55
21 84
25 48
7 89
58 59
28 32
57 93
32 97
28 29
8 70
73 100
54 84
4 55
20 70
55 93
80 97
37 65
42 78
63 92
42 85
44 66
8 71
18 65
1 57
3 76
57 64
77 87
16 39
29 53
9 25
5 73
59 74
76 86
54 70
80 100
79 97
21 22
31 58
67 72
18 32
12 46
14 24
20 65
15 64
9 30
30 84
6 92
23 35
56 97
35 83
57 82
66 77
62 74
45 86
35 82
33 42
29 55
68 82
49 66
65 72
45 87
14 46
35 88
15 37
5 74
4 48
64 75
29 47
14 19
64 76
18 66
7 84
11 50
48 97
12 71
31 66
29 88
43 84
44 81
22 79
36 98
77 78
7 23
29 46
5 49
14 26
4 63
3 43
34 67
10 59
24 64
4 88
61 85
9 67
12 25
17 87
49 93
45 77
27 83
68 77
11 36
17 68
65 88
52 99
59 80
56 80
80 84
52 66
1 74
23 63
48 56
18 88
4 14
5 90
10 74
71 89
51 71
24 29
45 52
10 66
18 51
43 45
18 21
17 76
3 63
35 52
6 78
17 26
10 73
16 53
23 57
47 75
67 69
10 91
20 69
19 59
15 59
11 91
20 51
2 85
55 94
5 56
5 14
28 40
30 51
68 79
60 72
31 100
28 51
16 22
15 83
31 77
7 86
7 88
55 98
34 38
86 89
66 76
8 45
10 89
71 92
33 68
13 65
74 84
23 79
87 93
44 46
36 78
56 62
31 54
15 79
93 97
39 80
3 50
20 82
65 97
1 20
42 74
13 61
14 62
34 52
25 69
26 37
26 46
91 92
57 97
24 98
20 78
45 73
39 78
31 67
55 64
13 24
1 59
26 99
20 98
11 42
10 13
40 86
7 13
28 72
67 93
19 84
82 98
31 68
1 68
72 81
11 59
21 52
16 71
6 51
8 94
15 45
90 95
29 68
51 60
20 93
61 95
53 77
8 73
15 76
12 73
22 89
6 31
6 68
15 21
6 91
7 27
32 61
9 68
3 69
3 92
68 95
50 60
10 96
12 22
28 68
65 71
24 94
