1 A false
2 B false
3 C false
4 D false
5 E false
6 F false
7 G false
8 H false
9 I false
10 J false
11 K false
12 L false
13 M false
14 N false
15 O false
16 P false
17 Q false
18 R false
19 S false
20 T false
21 U false
22 V false
23 W false
24 X false
25 Y false
26 Z false
27 AA false
28 AB false
29 AC false
30 AD false
31 AE false
32 AF false
33 AG false
34 AH false
35 AI false
36 AJ false
37 AK false
38 AL false
39 AM false
40 AN false
41 AO false
42 AP false
43 AQ false
44 AR false
45 AS false
46 AT true
47 AU false
48 AV false
49 AW false
50 AX false
51 AY false
52 AZ false
53 BA false
54 BB false
55 BC false
56 BD false
57 BE false
58 BF false
59 BG false
60 BH false
61 BI false
62 BJ false
63 BK true
64 BL false
65 BM false
66 BN false
67 BO false
68 BP false
69 BQ false
70 BR false
71 BS false
72 BT false
73 BU false
74 BV false
75 BW false
76 BX false
77 BY false
78 BZ false
79 CA false
80 CB false
81 CC false
82 CD false
83 CE false
84 CF false
85 CG false
86 CH false
87 CI false
88 CJ false
89 CK false
90 CL false
91 CM false
92 CN false
93 CO false
94 CP false
95 CQ false
96 CR false
97 CS false
98 CT false
99 CU false
100 CV false
41 77 0.024625910387337902
74 92 0.14402516968331736
36 79 0.18987779880099231
35 78 0.012279151130350453
10 61 0.15534213853598267
3 100 0.16763910377399618
77 91 0.002604334304834133
50 55 0.16471019700504333
72 87 0.13612334406876517
10 46 0.10548725431935296
2 41 0.017323505937038155
56 99 0.16642008683629517
60 89 0.14677406226222925
42 85 0.025040500508138067
60 87 0.06863249753663861
45 59 0.11902945265774773
32 47 0.09047566916087738
18 55 0.0950972106914749
35 47 0.09441901452216087
12 32 0.1869843350837415
13 53 0.12584733637173862
36 56 0.025873832077768055
21 75 0.09261727952443122
14 17 0.16343133695188547
61 68 0.09649536988276636
28 70 0.04089328039701998
28 85 0.14835978953860596
25 80 0.013401850417104089
62 90 0.1435003143516779
6 22 0.012534968783767187
40 49 0.06659161982717669
12 83 0.02198638681230554
70 88 0.130762795007885
47 71 0.08739017929536608
20 75 0.011345378366876569
22 71 0.06355142651559305
18 63 0.08760697042764631
26 34 0.17388877653518953
58 81 0.11009542024869844
23 25 0.1141097923477915
16 63 0.11684045605257061
62 76 0.08357745164952156
76 96 0.0018551686644613598
56 83 0.11314227731702578
25 43 0.1575150306799396
31 58 0.14492152841614606
62 80 0.11965273255888104
5 11 0.15465625387058338
11 94 0.11304980884456084
54 89 0.19026174407579105
91 99 0.14471570533244224
15 77 0.05091120176926509
69 79 0.07035430563465653
33 49 0.05577106395078468
32 38 0.13969288946223982
57 62 0.08236113453872883
45 82 0.13613826847523544
72 94 0.14044293029713692
66 89 0.11180115754895724
6 64 0.10678359517647343
56 69 0.17524317934331948
76 94 0.12408042840461063
49 81 0.030302394819227363
27 52 0.012413634340624502
7 41 0.09269224487893174
18 88 0.01739654514756348
22 80 0.1567551112535771
35 80 0.15677523369448165
14 30 0.01817866308647047
34 70 0.15196985937532334
57 99 0.06410184973641386
54 59 0.1391901109615251
9 97 0.0735468209431415
30 94 0.10616059912352827
39 99 0.09616955641638306
9 82 0.13133248672640135
10 75 0.047828695214867434
15 45 0.14724576529529496
3 34 0.19067303606702646
40 44 0.08504782511053646
50 93 0.05883896997390903
17 97 0.1750267735090069
20 40 0.11046337580969637
6 49 0.03185306089152913
47 65 0.12850574537192755
70 75 0.01424877345967064
21 94 0.11225906248491205
57 75 0.11767509947521962
44 91 0.08963497895532796
39 75 0.1638121028491991
18 44 0.014241661089361514
21 55 0.1690525833502926
49 50 0.09637254715992305
21 52 0.13896411644764067
44 95 0.12846810627039051
5 86 0.1993550166633735
63 91 0.06773852119123783
86 90 0.12930321690215438
46 86 0.1255255954481431
61 98 0.18743222583749086
51 79 0.021992395574681047
5 14 0.07920362319824337
1 27 0.1837262358642776
15 99 0.013378605490638474
52 86 0.14320784656581187
50 78 0.08421593599163804
28 68 0.019050155492661314
16 94 0.0982162355320206
15 17 0.10438423633228865
22 88 0.06152255025633524
34 50 0.1677896491894696
29 99 0.11247736934782382
24 88 0.1762386656050603
68 78 0.04780681179285598
43 50 0.19469013345502692
12 79 0.12775795593440237
45 76 0.04999242159130682
64 87 0.14165195213771895
44 98 0.12348026446180083
8 94 0.025182650447917412
21 90 0.1243316465363678
39 43 0.047465478476217765
33 99 0.15225414393347522
36 88 0.18417127305685227
78 97 0.11812960911251963
19 72 0.034652589671414095
14 16 0.15123911097496348
44 100 0.1781150701162082
17 22 0.11809821436836426
3 14 0.10830793028953377
17 29 0.1973200099894071
30 91 0.012486355211585632
2 74 0.07450392828666223
7 15 0.00950107169412755
40 48 0.19118675695167536
29 84 0.019246461841111697
13 34 0.12965290299440654
20 57 0.07052754691487716
59 89 0.08162470241079343
17 55 0.04359942616008381
7 72 0.18219611142700332
1 25 0.10360169817287619
26 95 0.11575863531532311
32 39 0.021746772960843666
8 76 0.12041845983897892
13 20 0.17874207491578453
25 95 0.19620324034685735
63 88 0.19051880402243856
60 90 0.12860629863762937
47 59 0.1707108546245374
16 77 0.12539404190086925
16 19 0.18033526297221486
72 91 0.18269135483394416
65 80 0.07440361004495522
13 61 0.13402102761559026
29 73 0.15267731629694137
60 98 0.197059103675993
47 86 0.058399549977926714
38 77 0.11422480824119702
51 80 0.1297063169895513
69 83 0.05160240289099716
51 68 0.07823993413596786
39 76 0.12869207865346707
32 79 0.12064149227629602
5 38 0.08634771030328432
14 57 0.16401653299634006
24 60 0.016775208394180785
36 40 0.1084506762987561
67 95 0.11519630668987549
89 94 0.026984708092629386
19 66 0.15521428190218
9 24 0.07871579693891584
82 85 0.10480621681288965
48 72 0.16231074969581197
60 63 0.15830328505038238
13 71 0.07868717483878299
2 50 0.0661126977221832
30 64 0.176939023389861
28 63 0.18416849906884492
23 33 0.055224366870463795
67 72 0.12617291187581334
58 91 0.004784398572272242
56 59 0.05865119083630002
18 40 0.17479183809969503
16 68 0.18455465578907232
13 46 0.13527209121713127
90 93 0.14091104071452817
70 91 0.026241720756362642
58 79 0.0472440587938479
4 74 0.09157624801762493
86 100 0.012787217427819476
33 39 0.15979545899802242
5 100 0.13025026477552812
12 73 0.061190371043489636
19 71 0.14705347938574684
6 83 0.14491973030433544
40 62 0.044160482044653726
37 69 0.09804675899834144
44 67 0.044920503698358344
33 70 0.13148765127254183
50 67 0.03175783376242174
59 74 0.1297719047743193
21 98 0.04725064441006724
45 92 0.14352114962505919
81 98 0.053314599901598106
32 87 0.16543473198715594
32 53 0.18718031373030852
11 47 0.018131475828205446
81 92 0.09314591798749097
33 80 0.07150331928035412
46 88 0.18635386740814025
16 37 0.012696799720009278
9 33 0.009985699690332984
36 55 0.018513246394817686
18 39 0.18255327654151754
1 20 0.10661920990221677
63 72 0.009310655605402429
83 89 0.19691148163586977
49 98 0.05301531038125684
12 85 0.13511345741374045
54 93 0.1373342241211822
7 32 0.12219536492430148
3 84 0.05352309845455035
39 60 0.09457389451750534
14 81 0.08476130402411286
35 81 0.0791872440562153
7 46 0.16677550172653724
68 89 0.10914164379874405
13 32 0.15846014674756148
2 54 0.12921249200456772
13 36 0.1846197602705999
10 80 0.15243932172053523
27 49 0.06198384094307894
41 44 0.16625550115757357
65 67 0.19359745864252403
26 94 0.14625003839148656
2 51 0.17946430606089436
46 56 0.04983326775573638
3 47 0.13872057245443356
26 80 0.19793042305845987
8 69 0.09369767160672547
5 69 0.011348031304242735
29 49 0.10254561240044327
27 48 0.18575247048497465
3 48 0.18762487942949702
22 54 0.14838474363417992
11 84 0.13294528305671968
17 99 0.03431773025380336
8 19 0.15390245917680886
19 87 0.08601605058863895
22 39 0.13666955781285967
8 89 0.0854583727975144
26 59 0.15768666193635755
51 66 0.13685625450406935
27 56 0.09250548608914444
26 61 0.026645941691442212
3 76 0.05050806304881277
76 95 0.1610530253971333
20 54 0.16892218964111785
1 72 0.010166435994445666
37 55 0.1586736713908581
61 97 0.1929375149827061
15 31 0.13200755633764785
3 61 0.03466540827879792
45 98 0.0155946644564672
31 45 0.1861004157579404
20 89 0.10576225516934806
10 72 0.03665164932922454
3 92 0.08356502876916228
20 91 0.08808565001086455
18 81 0.13449261883265073
9 64 0.07172727622981055
7 18 0.11593705335270361
51 65 0.10098075709129127
49 66 0.0860564746381609
10 63 0.1522357762002438
10 71 0.10622224426170929
73 95 0.009146027317638207
9 51 0.052855713956187184
9 68 0.1223891487216353
4 91 0.08509802339913562
44 74 0.007514932493109728
41 81 0.1660622460500671
13 63 0.18719000275472553
16 45 0.14008264661260325
63 68 0.18875067671458845
79 97 0.10127277998387996
4 50 0.02489193896835398
50 54 0.19545971461008677
12 58 0.09817552532619236
7 64 0.056444712385732655
46 89 0.11084083909718662
8 17 0.1266477334576421
28 47 0.16069513094076776
66 69 0.025494807519134202
20 56 0.040737190704505634
26 29 0.08242226420088195
70 73 0.0877857280103096
24 92 0.1289008346459869
14 62 0.05660640088063245
9 72 0.01177107640303583
61 93 0.11845633911332848
14 47 0.11393903467777895
89 93 0.0914375660346358
60 94 0.026429888287656758
38 46 0.17474843909768523
30 48 0.07400791860892829
92 100 0.05634139711447035
11 48 0.0019162318198177265
31 81 0.19547235531894602
21 78 0.1686741639103374
42 71 0.10304485784071571
21 97 0.09187956184989206
14 65 0.028176242701592538
4 16 0.08413420186722464
41 63 0.17584785259163457
16 88 0.054215584954906464
96 97 0.0828088119636564
38 57 0.07759958567109237
34 75 0.0015304085329078676
4 86 0.19931800907746622
9 35 0.05413010951076729
53 77 0.12567332389738164
80 94 0.009937454719600038
5 26 0.18289563922604488
34 88 0.12851365540404178
45 61 0.17728556833554202
17 73 0.04093823282612977
29 51 0.044086930968837826
31 34 0.14730876363637982
10 89 0.06258554988414392
39 98 0.03159659099832939
18 90 0.16741498706577806
55 78 0.07153757679422064
4 64 0.14958492884613497
25 46 0.03545730315507989
7 97 0.07449095135577936
45 51 0.04249908470175892
16 55 0.009307654792082065
1 79 0.1834307928059268
52 92 0.08265569082480516
30 80 0.0005472458748821297
14 50 0.1148901279236577
44 56 0.16085383533823563
81 84 0.061167925039348675
15 86 0.10170755436753882
46 65 0.07804037801522545
2 3 0.05181025429862254
44 51 0.046466838931970726
75 82 0.09165690907910751
25 53 0.0002441547263290156
27 90 0.13785192755474332
67 83 0.1567050681831351
31 79 0.14547808306828575
3 85 0.17576230950144203
27 84 0.08950475764807445
10 45 0.013970353328117758
29 63 0.047299655451645495
52 87 0.18006163751302917
69 76 0.017640841336498705
34 51 0.10321683797992676
32 92 0.04113602922922047
27 29 0.1297891291693163
1 80 0.032666631936325574
4 62 0.02304947100537276
55 60 0.11056670256196538
13 43 0.11732922860983208
5 94 0.10018131210251927
22 26 0.060193824625401016
37 43 0.17993193264324525
5 52 0.060573970582696895
53 90 0.07063184876815314
23 85 0.07273714257178024
27 78 0.17366409731249363
13 31 0.1074012501232422
57 100 0.19967744795665204
19 57 0.09387321853926237
31 97 0.103948175059353
27 37 0.10016578219389137
61 79 0.13648280146379485
58 65 0.06446386531275548
52 65 0.19975863118276005
5 74 0.14170321898470073
10 23 0.17151295167488267
14 28 0.1363876359874846
49 68 0.0008775804785346787
70 71 0.029094015091883942
4 85 0.014801452472929168
24 74 0.07441129930160173
74 87 0.09928112816785482
32 33 0.09204718454806633
20 28 0.16280395566734085
41 87 0.011714018385199499
49 89 0.1939936805000874
14 40 0.016381594670890776
27 82 0.15574829375590732
48 67 0.17484614184890113
35 89 0.11426401228550119
66 76 0.16290006154777792
34 55 0.06480951935183106
25 93 0.12747103699047033
4 43 0.15776067757424284
24 50 0.12427298941758835
24 44 0.037167176376945575
20 71 0.08476086821358267
40 51 0.19838174536377282
2 98 0.18067057252187402
14 79 0.1487683630516118
33 54 0.07054584724259327
39 97 0.11722649689405272
29 80 0.11040752028011672
4 30 0.13435515573674947
74 95 0.13456580016747063
7 19 0.00047838653912124496
59 70 0.042297883150704534
28 95 0.19055671439824584
38 99 0.19071021266925825
35 70 0.17246074605897252
73 89 0.01963903243379013
40 45 0.05058561194427602
57 60 0.07933109844162917
61 67 0.1515860622191589
78 86 0.04406060759281963
6 55 0.005474324523410035
46 93 0.08504951759955713
10 66 0.01463620158192418
2 86 0.10434320725546574
29 86 0.1403078918436753
2 22 0.021128856790029474
63 69 0.0038289681695093726
29 61 0.028269552335088724
10 83 0.1786790008931924
1 3 0.17242535092407155
54 96 0.1809404797420484
35 43 0.08546770470172059
55 77 0.06439134799215405
28 59 0.01471794349515414
5 28 0.13123689469775304
30 71 0.03357407589412869
50 76 0.1540513765898932
30 92 0.13629743380042203
59 99 0.11082640291092215
17 37 0.12975382908515545
13 45 0.05528847902712
3 86 0.12937741994608432
7 83 0.01902354492168299
41 52 0.01602433495907496
41 85 0.1778981109897678
14 54 0.11381218183591069
8 74 0.0329251829253882
60 80 0.043647303470883
5 99 0.1906606154151718
22 82 0.08526896074615427
25 36 0.08649791641334191
66 100 0.09541701552692634
1 11 0.17053728121881684
47 75 0.10905804063694108
24 73 0.057497249880079294
60 66 0.16182198783950838
20 48 0.0322748699165905
41 96 0.046005109651085355
53 74 0.15098083314562172
52 54 0.14679012316922208
19 58 0.1095544555925851
15 28 0.14910127248019345
68 77 0.11299683297332606
27 28 0.08651633400267406
42 47 0.17554665860874713
52 58 0.11096904139660227
25 47 0.06723422330631644
52 73 0.003404132283505068
16 50 0.15681525200883353
21 62 0.15111122399172694
27 33 0.04388543430393954
19 36 0.052878969765599984
30 56 0.07957499673977467
58 71 0.06786545392716543
6 21 0.06597823913532024
37 47 0.15404077823520637
5 78 0.04830805857112819
59 62 0.0930871223370498
44 54 0.175318071470237
49 94 0.006271647474244135
61 90 0.027403558802763663
25 44 0.16991927213095878
37 76 0.1760150715613507
23 30 0.1399781986394561
33 75 0.04828805977327675
90 100 0.042084460324291674
12 71 0.09679159659201438
21 69 0.17822456046176113
84 86 0.16138233897535764
9 57 0.16193494076454418
80 98 0.09494143445016615
20 49 0.040704697781491266
9 18 0.07563951970705166
27 87 0.06226985862912651
9 59 0.1336578380221908
9 11 0.17205542760539333
19 99 0.12009678706456224
