1 A
2 B
3 C
4 D
5 E
6 F
7 G
8 H
9 I
10 J
11 K
12 L
13 M
14 N
15 O
16 P
17 Q
18 R
19 S
20 T
21 U
22 V
23 W
24 X
25 Y
26 Z
27 AA
28 AB
29 AC
30 AD
31 AE
32 AF
33 AG
34 AH
35 AI
36 AJ
37 AK
38 AL
39 AM
40 AN
41 AO
42 AP
43 AQ
44 AR
45 AS
46 AT
47 AU
48 AV
49 AW
50 AX
51 AY
52 AZ
53 BA
54 BB
55 BC
56 BD
57 BE
58 BF
59 BG
60 BH
61 BI
62 BJ
63 BK
64 BL
65 BM
66 BN
67 BO
68 BP
69 BQ
70 BR
71 BS
72 BT
73 BU
74 BV
75 BW
76 BX
77 BY
78 BZ
79 CA
80 CB
81 CC
82 CD
83 CE
84 CF
85 CG
86 CH
87 CI
88 CJ
89 CK
90 CL
91 CM
92 CN
93 CO
94 CP
95 CQ
96 CR
97 CS
98 CT
99 CU
100 CV
24 68 0.27661238791032566
35 69 0.36642725472184623
1 7 0.00034513793834883844
82 100 0.10116232794421365
16 90 0.15545444833030436
69 74 0.38418079282837436
18 69 0.08630723978594607
13 67 0.36599975208075664
61 96 0.2499343095651329
19 87 0.11354185072920497
49 98 0.2664005805436527
23 73 0.4657472059455551
47 87 0.3892549807481263
15 66 0.47039826998697953
13 73 0.43295454856638443
6 73 0.4255828489666059
70 83 0.2632415033525834
96 99 0.4697685676059284
65 89 0.2523128749132219
1 43 0.07698216928268337
43 70 0.4505648517162935
9 22 0.054664275672888896
71 87 0.10971649358624108
40 52 0.21214449705442723
14 36 0.07573662826013888
23 62 0.18871003527909075
38 92 0.37526718588767005
63 66 0.10364120708473407
82 96 0.09517944847254001
41 82 0.13355122724998242
13 68 0.46747224803905213
31 77 0.4664399049694736
32 44 0.14578282693293115
46 98 0.22913181222132256
26 62 0.04472268194507195
93 98 0.4236165295998601
66 86 0.3148159874353271
53 56 0.2675458621093718
11 18 0.06603395746071239
5 85 0.0631585554375107
58 79 0.14840025543901875
71 84 0.2660454603416864
5 21 0.39452778993665627
4 88 0.08907446698277027
65 97 0.1557215663165638
12 85 0.2695967074838774
68 74 0.11312065002693589
41 55 0.4940631271765531
58 78 0.15210373106094244
51 60 0.22198261105598815
49 77 0.20136780719674569
23 85 0.33395464564239175
1 46 0.09964978868421964
23 39 0.10230022702380509
43 92 0.4147410967275998
6 64 0.14025359103888752
83 96 0.0009537592816635798
66 100 0.00923418539815507
11 56 0.33646514434953334
64 89 0.36679908483676565
5 6 0.48340489476929194
62 71 0.3319111209745366
2 85 0.37247040496187067
15 46 0.483041440958401
45 47 0.09463355663953504
38 42 0.2632346631237269
6 53 0.2094669947114211
32 69 0.4947457513631628
60 90 0.46985440636968745
7 31 0.25436640749143286
12 79 0.0939928668106999
10 68 0.22745453193262283
19 88 0.39367984547651685
16 80 0.13514307857820135
6 51 0.21931890093195722
5 74 0.08996745405557854
27 86 0.36451517885809476
56 59 0.024561391973362046
27 53 0.0009784407373964465
21 56 0.44911159156171554
13 88 0.2253649591958708
28 53 0.07225890697621412
83 94 0.10502239805754865
2 35 0.031431905974745156
69 80 0.10631517685428499
17 69 0.18280864570206057
74 89 0.18632726521692783
55 81 0.04810925464953292
16 59 0.12117845541140404
2 63 0.49145666740458105
10 19 0.03606168781048702
29 43 0.026389202613855745
28 71 0.07146344263475912
69 93 0.2825898121628112
41 88 0.053839360394296654
20 87 0.24256331806112086
24 32 0.11553035595063127
34 54 0.19495646374759862
18 65 0.437403027431785
19 82 0.3798890097117998
67 76 0.3986296764181079
18 48 0.318006362254833
42 67 0.052715179062415074
19 43 0.13504701495217525
40 47 0.015906207870578393
29 91 0.04374480023354144
2 8 0.3661112614035167
50 90 0.4595524116058192
20 28 0.23406285172446878
3 34 0.34086828045636036
14 38 0.4099119382792485
71 89 0.06539487999787424
20 54 0.030330507076628266
43 50 0.4383053884261272
11 98 0.34035538647896696
11 32 0.4259326555866013
23 57 0.2232867864836522
18 84 0.0757342755181249
34 99 0.3473173338739853
87 97 0.15673364045826166
12 22 0.008745173604516598
3 27 0.014614897575836006
48 55 0.41685143862984186
1 63 0.4574760249976583
23 43 0.08861438054503129
55 94 0.17213280138619796
57 91 0.04626266172684057
25 34 0.4310718569807688
34 50 0.21180127336722016
8 94 0.4432660258429332
6 71 0.32028806209837035
20 67 0.4119725772030057
58 90 0.04145072372952069
32 76 0.4260520554796625
9 17 0.11823800518746191
53 75 0.443026870125272
42 78 0.06610221746737333
12 29 0.4004031300309459
7 39 0.12110400148929046
15 83 0.35333861140515194
45 82 0.44690529949340113
9 62 0.2624370817110265
22 62 0.3661464199317224
22 79 0.03024416212528941
26 55 0.0378803631569935
7 33 0.08251112231253166
25 94 0.2959013140666951
63 80 0.17187939768966487
36 37 0.3652972430833773
34 42 0.06891230663139997
9 69 0.33104009344532254
30 57 0.2560657452378789
42 77 0.408085260714169
26 73 0.025972258622228295
14 46 0.4141944015483142
55 77 0.16546670815972997
34 69 0.41509464338747215
54 88 0.2737547564111716
7 65 0.033614183361605265
31 42 0.16635129700198392
16 79 0.11583718764717299
33 93 0.09261864391251595
57 82 0.18839047090453448
75 100 0.4094528129120942
20 84 0.3731805756404437
40 93 0.2775936953531266
56 62 0.02990398603853367
5 95 0.18891709307548632
27 89 0.10597168447793165
51 84 0.24116360838546302
29 76 0.433153515317117
31 66 0.38727141948526395
68 84 0.21180826987035645
7 59 0.22564976550268573
2 48 0.4108807316048192
59 74 0.013644123220751814
43 79 0.07471625108288349
48 76 0.10230430934776824
23 92 0.06488870552113762
21 28 0.09001862556261148
38 45 0.23205566305282394
98 100 0.2169054480810516
33 86 0.4981869230559602
45 83 0.2813743701134702
2 64 0.3484834221544913
66 70 0.25143499058166713
48 89 0.11840183342819477
32 47 0.23698804116967453
60 91 0.3279465124677557
10 79 0.3780942106156659
16 32 0.39790923278476775
29 50 0.38342172809181635
52 73 0.0031265561276546117
46 86 0.13807965402376454
60 75 0.2974867183486937
14 18 0.30849951793307856
28 32 0.25887240980762694
44 49 0.3899586715347749
7 47 0.2711817574848628
65 94 0.4528440951120074
63 82 0.3238201374994504
7 17 0.18928853032750992
40 65 0.2364020425488425
3 56 0.1109856056062204
42 54 0.059810831947525844
86 98 0.3145610893943186
13 76 0.051561835740307094
63 75 0.01915434023506929
2 76 0.12370464010995197
40 80 0.09332172272608574
72 82 0.20925505509253434
1 36 0.30883190319724974
57 92 0.12475773504007387
21 49 0.32801996139780015
46 85 0.4643828927863278
44 69 0.32244336162288034
41 98 0.4552051270134441
19 92 0.42396430586770084
40 43 0.18347992085761344
38 100 0.1747670762613715
39 59 0.12023651652740014
11 41 0.06722051416613001
55 66 0.363482624267504
28 46 0.39785215698566495
43 56 0.19581360388818447
10 73 0.2266015124390905
33 74 0.1225744653382172
75 95 0.06885314327904962
46 70 0.4481387245606945
69 94 0.13077303005399926
20 41 0.028631839285773952
46 89 0.1370383818234871
29 72 0.06985238194476695
37 94 0.1720457807616566
69 76 0.031546447090599006
96 100 0.11772476342106436
40 46 0.088720024720856
65 93 0.2083807932657259
42 43 0.32367910020194307
13 16 0.1692449442530488
3 70 0.3263496943950837
7 18 0.2791917766292912
26 54 0.3502559698579246
44 89 0.03469532284068649
2 46 0.12262282806655117
80 87 0.23718188162132264
12 51 0.04796218668816421
23 76 0.30449910785558737
4 64 0.14615037488101562
17 97 0.4365237287120564
50 51 0.17963865892448194
50 99 0.4954014777493534
63 95 0.34457764064367136
37 48 0.3201272597586231
76 86 0.02152496334849968
41 56 0.3520159610833519
38 69 0.28669669816639076
32 79 0.44941932500861503
29 81 0.3635775818427411
49 65 0.46921689894723323
35 73 0.19427000726138022
9 45 0.30728816293522254
92 98 0.3426586567696362
25 56 0.4825881681095716
9 100 0.44953451232947095
25 50 0.09563259073821662
46 94 0.33078873635454653
22 31 0.04963153996607372
7 49 0.4275105193320872
9 28 0.03844653848847224
38 40 0.35016965955638996
40 95 0.171758457954598
30 68 0.2647677915693467
44 68 0.34414711128635994
56 63 0.23639748648606784
25 30 0.43025817313244175
22 40 0.16334463817022177
57 61 0.06422069872383607
3 74 0.37454326675112926
36 67 0.07461890793199871
26 51 0.2503960873483236
77 84 0.3902615192593685
30 55 0.18659284661911324
35 39 0.03622703666911836
44 56 0.1589940417595328
54 96 0.14656421652723256
57 77 0.23241428620243554
85 94 0.35561146770188484
15 41 0.12639070245394218
50 87 0.137685246775467
49 89 0.13582584612083043
25 38 0.026320382151780286
13 93 0.44297467774687443
5 86 0.04302301943055237
39 53 0.12837007059503497
59 72 0.003090159434700479
47 75 0.14694601064805835
61 87 0.4146607657474593
67 87 0.11377100606776808
40 48 0.24263496108104526
22 93 0.04082548411660164
12 42 0.2292597032400553
59 81 0.4378286229858798
4 11 0.11760067947056185
3 67 0.17942584191891403
1 12 0.354845129933435
35 53 0.30913155352276633
87 88 0.019064410590265868
48 49 0.0834360771271705
53 66 0.16215222472946988
79 85 0.3457739505079052
17 29 0.37140014649961844
23 48 0.45735449847100046
31 92 0.046951172115786144
58 60 0.10743301451434334
11 43 0.3614454424550756
6 63 0.2679058457178951
35 51 0.4755026636503621
81 99 0.4310733928407702
42 95 0.021693672285911514
10 61 0.24647053237708932
19 65 0.23467339111343827
94 98 0.49687915992941356
84 91 0.29543582134772256
41 81 0.26613327262636827
2 13 0.2486329598920068
14 27 0.3869831180776068
28 91 0.059143625673367506
31 73 0.4958439907333056
45 98 0.31147868484611224
24 64 0.028734420469637867
67 85 0.03389249852102161
53 67 0.0003877000479720061
49 99 0.052051056614504654
47 79 0.4760204045041084
40 50 0.08984816235664977
6 70 0.01657382971271726
68 91 0.23067759879181543
52 57 0.23348604005223977
75 96 0.398463309353143
54 60 0.12155904678172463
24 72 0.4394292806500646
81 82 0.3128250352987489
46 64 0.11868210091181519
52 72 0.19367270916095564
2 66 0.4977100990811778
22 82 0.20178600910255917
11 40 0.3481810770051292
15 40 0.008240884328378939
63 69 0.06709612301924373
61 86 0.16080964773047574
13 35 0.4851964793056682
74 91 0.4886741547025813
6 15 0.4288078768436715
79 93 0.2284508373296925
33 97 0.42343326796584185
46 67 0.23713983186851928
22 33 0.24580176678718502
53 73 0.4197019809959029
42 65 0.26218226197384026
27 59 0.043049309495141075
14 55 0.024273256262264453
20 61 0.32651478764321024
55 79 0.030395374202275227
87 99 0.2662004938917864
18 94 0.12883514411903335
33 47 0.37364199249792274
21 29 0.48564874764011656
36 88 0.19503607241927096
37 66 0.0830073846738954
5 63 0.40618196121118594
76 88 0.3664203983440421
64 93 0.24264220925335733
42 52 0.4490074091293055
25 57 0.307380174021942
36 72 0.17839822602701977
70 95 0.48643859534384215
70 97 0.09821877319801137
55 97 0.2819456263368596
48 88 0.04763077066186655
74 88 0.4705525094516306
28 41 0.11292030202805087
46 73 0.012078476877169397
42 58 0.29084543785257844
46 54 0.07753504356540875
32 33 0.16419349911547204
65 73 0.36958311141885514
30 91 0.2311496075102349
13 61 0.3884257076377877
6 36 0.0638600207666713
13 55 0.07203838744518337
18 52 0.314954100508287
74 95 0.19835874226588918
27 42 0.14472102242992058
6 50 0.3131822864651224
73 94 0.158825255699648
54 85 0.3604658410918926
10 78 0.14323423090075643
15 61 0.06431816001620405
70 96 0.05017076168248341
5 62 0.46925913094095995
21 91 0.06905250780393274
13 72 0.18689258660500024
8 18 0.050743619651702876
45 93 0.138356086076605
5 82 0.393487277431108
23 96 0.09879549710166668
91 96 0.46410978850025575
42 47 0.3169288142755188
52 53 0.3813203706078107
8 75 0.47445266384938833
5 83 0.036496407087219684
48 74 0.2355917411411052
46 96 0.01019272953205469
47 51 0.24628272571154447
49 72 0.3763578265329336
27 93 0.16788618149716072
13 22 0.20751182363036846
68 75 0.1822368440768023
52 69 0.3478712786764009
5 27 0.30638663247858433
62 91 0.2813436756678527
45 77 0.3416692635395133
64 74 0.42067999131905315
49 68 0.431981917998557
34 63 0.362447082720879
27 28 0.1614566712043911
11 34 0.3620888979996849
76 87 0.01845563452712279
2 55 0.3221035774264137
6 41 0.000534846797282218
28 66 0.4865665333396431
48 53 0.08085579078426763
1 84 0.3558920353463014
42 98 0.1612362283809901
17 33 0.22441777689090991
10 49 0.4722885832089904
59 94 0.2498435715200613
15 72 0.3078231790249206
19 38 0.205902779918746
54 59 0.12702007360518114
30 32 0.43941291089745
18 51 0.09758293619085906
20 34 0.4710007485601827
21 77 0.24488712773581017
24 85 0.1634029028574011
47 65 0.2587356406258462
9 57 0.1704491192120402
58 73 0.427665534830318
86 90 0.09894647196097339
66 90 0.4731208920931787
7 98 0.11329246025344036
22 54 0.4067777542032237
3 26 0.1521918611711554
31 72 0.17724048749122934
57 68 0.3271812810247378
82 99 0.1349934657386172
19 54 0.42272495623717626
6 96 0.24338853991172849
82 95 0.23000142568003168
53 69 0.29075665985879723
23 68 0.1637184328692457
13 15 0.2468763817620464
30 94 0.38303469557826664
21 90 0.050386233576054484
23 34 0.3796534449650054
33 92 0.34541598193300654
23 91 0.3024582742736118
12 89 0.4830946526096911
21 72 0.46288939319701
10 38 0.13121942171828022
35 93 0.330159393919633
38 59 0.4877386857411343
52 80 0.3460248277850426
13 34 0.36747943930569454
37 98 0.06844564406000075
30 40 0.18991258037464054
80 82 0.44332454875335897
51 87 0.10786992572776466
35 90 0.3613253493855834
51 75 0.09723679201769453
40 71 0.4587641091142765
10 88 0.23952064352575209
27 66 0.24582369235812535
21 97 0.3423424330445003
3 25 0.3206538475623864
3 97 0.04397716324493178
22 60 0.16726453496468713
4 46 0.37609650019526275
66 84 0.37084164093053495
73 84 0.002613057058639623
44 95 0.45254868125767234
58 65 0.33590324772425517
49 80 0.0468731969727626
17 27 0.47752212257505594
25 62 0.26599867054113785
4 96 0.19659447258683332
56 97 0.16482025924451577
17 23 0.3963778954323684
4 61 0.44312976247477465
